beer
x = -5.25
y= 1.04
z = 1.03

camera = 0,0,1.3

base = -5.16,1.57,0

distance between base and obj = 1.16

distance between cam and obj = 0.6



translation for grasp pose
translation:[-0.18821593  0.25850403  0.536  ]  = 0.618